**capsuleDrawing=(0, '442x299+1322+25')
**sourceEditor='400x400+1430+420'
counter=[251.0, 138.0, 291.0, 178.0]
dec=[140.0, 138.0, 180.0, 178.0]
handler=[140.0, 50.0, 180.0, 90.0]
isZero=[251.0, 50.0, 291.0, 90.0]
p1=[44.0, 88.446449486086166, 84.0, 143.44644948608612]
trigger=(64.0, 24.0, 366.0, 223.0)
