**capsuleDrawing=(0, '502x382+1339+185')
**sourceEditor='400x400+22+22'
*PortLabelINCOMING*information=[8.0, 214.0, 71.0, 226.0]
*PortLabelINCOMING*movement=[21.0, 88.0, 64.0, 112.0]
*PortLabelOUTGOING*information=[44.0, 236.0, 76.0, 248.0]
*PortLabelOUTGOING*movement=(36.0, 88.319324876018584, 56.0, 108.31932487601858)
Account=(118.0, 21.0, 409.0, 289.0)
balance=[106.0, 211.0, 146.0, 251.0]
deposit=[213.0, 26.0, 259.0, 74.0]
info=[30.0, 206.22691786684013, 70.0, 261.22691786684015]
information=[98.0, 213.46625771719928, 138.0, 253.46625771719928]
money=[311.31481670993765, 111.81318104367836, 366.31481670993765, 152.81318104367836]
movement=[98.0, 78.196715751579305, 138.0, 118.19671575157926]
p1=[30.0, 117.90639348662569, 70.0, 212.90639348662569]
requestBalance=[225.0, 201.0, 292.0, 267.0]
withdraw=(191.0, 123.0, 245.0, 175.0)
