**capsuleDrawing=(0, '508x350+188+36')
**sourceEditor='400x400+232+168'
*ConLabelc1.p1*c2.p1=[241, 178, 248, 190]
*ConLabelc2.p1*c1.p1=[228, 154, 234, 166]
ConjParent=(63.0, 50, 404.0, 316.0)
c1=[284.0, 130.0, 364.0, 230.0]
c1.p1=[274.0, 164.19993332990228, 294.0, 184.19993332990228]
c2=[103.0, 130.0, 183.0, 230.0]
c2.p1=[173.0, 163.37499180348669, 193.0, 183.37499180348669]
p1=[30.0, 148.88476043449245, 70.0, 188.88476043449245]
