**capsuleDrawing=(0, '424x269+1077+232')
**sourceEditor='686x336+1068+-147'
TestInputTypes=[50, 50, 321.0, 232.0]
p1=[30.0, 44.575375652773545, 70.0, 79.575375652773545]
testInput=[163.0, 126.0, 203.0, 166.0]
